Iteration	GP_regression.Mat52.variance	GP_regression.Mat52.lengthscale	GP_regression.Gaussian_noise.variance
1.0	0.9400831150016533	4.3821453208233745	1.0999999987269665e-09
2.0	0.9400831150016533	4.3821453208233745	1.0999999987269665e-09
3.0	0.9355806960786536	4.704040864291879	1.0999999984566625e-09
4.0	0.9084112981727499	4.655402769041605	1.0999999986781506e-09
5.0	0.9676347717541092	4.986507599333506	1.000000000000001e-09
6.0	0.932834217578068	3.8949095556800293	1.0999999990517348e-09
7.0	1.170902357752002	4.43073096555121	0.005702009210345208
8.0	1.240778717403687	4.562520050202015	0.003010721669454009
9.0	1.3036958144220974	4.6666983119847565	0.0006404863865026764
10.0	1.6240600801836478	5.276294843223386	0.0018674795507571942
11.0	1.7179215385168203	5.392141641028299	0.0005172335004728147
12.0	1.805150191051939	5.518581894492124	2.718429168375095e-09
13.0	2.1651315507122733	6.025906986938253	1.0952162935385669e-09
14.0	2.500081138418788	6.667859603609295	0.0020736827409985484
15.0	3.084690331239795	7.268137460240337	0.0014175476296302812
16.0	3.7528783654249676	7.8336056942966765	0.0008437831889066263
17.0	4.276740229169435	8.257369609911208	0.0010023334044235355
18.0	4.939724359132687	8.693758029476504	0.0008108001654799121
19.0	5.546248540171683	9.054919183804024	0.0006116495755833253
20.0	6.361343809406274	9.3995398957121	0.00025197437192677483
21.0	7.636871131779929	9.968476404287173	0.00018585725874969812
22.0	8.811612523822115	10.349657603073348	1.000000000039235e-09
23.0	8.001404307450013	9.918300865841637	1.000000001390587e-09
24.0	8.89235544575046	10.262950722384153	1.099999732152444e-09
25.0	9.789807970853182	10.580507064131403	1e-09
26.0	11.54329813621412	11.131919070670934	1e-09
27.0	13.512983257078028	11.647935489719407	1.0003983594445589e-09
28.0	15.64929762818025	12.138016391065696	1.0000163309055506e-09
29.0	14.804556425070686	11.869047500074796	1e-09
30.0	16.712719379174796	12.295022275229503	1.0000014992840406e-09
31.0	19.07996032933556	12.766212940663952	1e-09
32.0	20.371587671823768	12.934313167999841	1.0000000000025188e-09
33.0	23.143374321470336	13.384363391304273	1e-09
34.0	26.58757842829324	13.90509222391691	1e-09
35.0	29.789651427372686	14.345679427594115	1e-09
36.0	33.34244636312538	14.751596779903366	1e-09
37.0	6.785059261007469	7.628795958551562	1.0007927014274894e-09
38.0	6.483541098505955	7.605679768340518	1.0000000000006041e-09
39.0	6.476844008917837	7.558352662778512	1e-09
40.0	6.117155931372534	7.335362617066376	1.0359411319604111e-09
41.0	5.790497682588494	7.464638875751344	1.040265751920574e-09
42.0	5.961707128776585	7.509090721358434	0.0005509527442730184
43.0	6.818715394924414	7.975567604366479	0.0006510753374856171
44.0	7.23515803933066	8.107160960994714	0.000584568844557141
45.0	7.6530794853302835	8.237432617105345	0.0005373388088244785
46.0	8.074432002300501	8.36598588283993	0.0005208609118546033
47.0	8.610918693718917	8.514690699681228	0.0004837622936926959
48.0	8.71551430204561	8.490722760074334	0.0004653020520920239
49.0	9.296117634252015	8.597343744759844	0.00036480111410128614
50.0	9.845820034079413	8.732361362445893	0.00033955641700408293
51.0	10.266967366962321	8.82184864016076	0.00030563624274689856
52.0	10.830098859621863	8.944539880204811	0.00027388469554427437
53.0	11.244000598419444	9.039992957865561	0.0002809065240841011
54.0	11.224146206947177	9.035961649412947	0.0003468291333657269
55.0	11.333170779405094	9.024203004780832	0.0003553195374246024
56.0	12.088859142731453	9.198631744193221	0.0003811298162913982
57.0	12.357839465937557	9.214664688091524	0.00032459462802883894
58.0	12.791030557912565	9.28118990693404	0.00033753243223551125
59.0	13.203483219264497	9.355328323514422	0.00033766386511353076
60.0	13.683218506902984	9.432486897011477	0.00031463534569600374
61.0	14.385949868162529	9.534358551081336	0.0003120865742602116
62.0	14.557621107162957	9.547803228965126	0.0003050068411431197
63.0	15.269358418275472	9.65549728402479	0.0003214256852106206
64.0	15.52510606358125	9.67667290218633	0.00029755923024951637
65.0	15.957979628334064	9.72644908454659	0.00026765466622183273
66.0	16.42320871980286	9.767416786487718	0.00022952698559448715
67.0	16.49303997962509	9.786564403157428	0.00024551366923658075
68.0	16.652091215190225	9.784334376171975	0.00024755888200724994
69.0	17.28122961497515	9.863999367411715	0.0002329836478388537
70.0	18.03238541054596	9.967097742220838	0.00022327516513203068
71.0	18.496948513692683	10.006256764427942	0.00019336300270161185
72.0	18.980372728796535	10.071981872738707	0.00019180167409393382
73.0	20.348987288281293	10.2686228538133	0.0002136938035553556
74.0	20.45731415526363	10.238589626166798	0.0001736551218471979
75.0	21.26792633843447	10.330014551903389	0.00017359878355963104
76.0	22.084541957055677	10.419970389884076	0.00016966450533856045
77.0	22.697983564595024	10.474200132986473	0.0001580692036361373
78.0	23.13482174030791	10.493575051469437	0.00014791839186675514
79.0	23.434542925998812	10.506602210244631	0.0001439270092923886
80.0	24.059049251809903	10.556597629187541	0.000130040063490558
81.0	24.842726425967104	10.62608385089717	0.0001224717710805942
82.0	26.362140956364634	10.762453721600949	0.0001173266407640187
83.0	27.40385744679126	10.865540987910201	0.00012365872739693935
84.0	28.416945204222696	10.958006819849185	0.00012048215775392543
85.0	29.116863083687655	11.01838109182801	0.00011882750149900392
86.0	29.86415396119628	11.07201516639496	0.00011550010226351585
87.0	30.4614216158102	11.112179912402032	0.00010816522630024987
88.0	31.15824907930099	11.163737751403993	0.00010611662114290233
89.0	31.78453190073707	11.18795688220102	0.00010157178753067454
90.0	32.966178937210096	11.288121955672667	0.0001014761372662758
91.0	34.108044643373205	11.377044774781215	9.860854646753321e-05
92.0	35.26190676657493	11.459288661547152	9.402849157690748e-05
93.0	28.425863312674654	11.14912295436784	8.461507878644424e-05
94.0	29.64789481876753	11.233219278564885	8.275643204578273e-05
95.0	29.596685993474473	11.199623565181744	8.093138510257299e-05
96.0	29.601012143152232	11.15793700899518	6.398842064910521e-05
97.0	30.019764845016542	11.156228573453644	5.9661253795261517e-05
98.0	31.162574860840184	11.248248040556213	5.6805623190300676e-05
99.0	31.834143591295845	11.28843612619172	5.4174468911925056e-05
100.0	32.869478849593975	11.372413518594566	5.320899950320122e-05
101.0	33.855582751285596	11.448520824502621	5.1259956725646e-05
102.0	34.93604988733439	11.53402216593344	5.059724848377299e-05
103.0	36.04315424876349	11.616836049231969	5.311845781724296e-05
104.0	35.57489865471092	11.549469315898975	5.447212771717007e-05
105.0	36.68894047537554	11.627673424300927	5.2343320289730336e-05
106.0	36.99912773555353	11.644308928988924	5.043579597858274e-05
107.0	34.90802855270309	11.435186646124954	4.422401455805985e-05
108.0	36.009995787796285	11.50545961628661	4.2874941176258656e-05
109.0	37.30958940347357	11.572668374576057	3.98251704451531e-05
110.0	38.96307762222738	11.67539903984587	3.834315728824722e-05
111.0	38.96318783006141	11.674895841797271	3.836027590157959e-05
112.0	40.7886784334596	11.785965790077062	3.741994719225305e-05
113.0	41.59650439116977	11.832042786398366	3.762933389376882e-05
114.0	42.877986496979545	11.913147119420511	3.709522335698915e-05
115.0	43.64850470561557	11.961048380249455	3.67934666276058e-05
116.0	45.72254876472971	12.065776272974405	3.971752863762638e-05
117.0	46.307931202650416	12.088497178096349	3.67364994846735e-05
118.0	46.43165670153892	12.077222656137804	3.6830705489999785e-05
119.0	47.60064302003474	12.140523148894708	3.58421569226904e-05
120.0	48.609987168462865	12.170886444915409	4.474493827854576e-05
121.0	50.209210191501306	12.263020739684931	4.4719724122936435e-05
122.0	51.373975403626645	12.279700804129183	4.505863895208444e-05
123.0	51.26386951135189	12.256305847890513	4.547554039342837e-05
124.0	52.193073638039216	12.294805178393897	4.2075890885290086e-05
125.0	54.48934350239542	12.417239840323886	4.271600018653386e-05
126.0	55.62228016118131	12.460861367171136	4.105583741006322e-05
127.0	59.84408491344017	12.716204320514032	6.826957214203672e-05
128.0	60.265674566287075	12.715054469537884	6.48267115782878e-05
129.0	62.36805746350333	12.802967420368786	6.440072422345719e-05
130.0	64.93806544097093	12.929333750397824	8.87744372342955e-05
131.0	67.02259814648184	12.994783842250806	9.462293643418137e-05
132.0	68.10790811204997	13.033167139460822	9.571596255356946e-05
133.0	69.84070930029857	13.103906169321231	9.515030601282852e-05
134.0	70.3341692116487	13.100679091567287	8.985407656880017e-05
135.0	71.71899711185121	13.149769283949436	9.85362756242334e-05
136.0	72.05859371046074	13.138190489810688	9.394661392585474e-05
137.0	74.22607637967337	13.206583919728201	9.837917613543976e-05
138.0	76.11729088989878	13.274090062267902	9.682023062906969e-05
139.0	78.86009316672865	13.399104410694049	0.00010479981212675156
140.0	75.5803442678716	13.233378602490982	0.00010797335694596776
141.0	75.78269977350882	13.215021799377068	0.00010305211845622312
142.0	75.8843560815093	13.191417679312481	9.815216933229388e-05
143.0	77.75076680532351	13.26139286303211	9.743232326448613e-05
144.0	79.45005583158667	13.317055821153186	9.595535218578215e-05
145.0	81.37804223964744	13.384016338944237	9.484112850745901e-05
146.0	82.98214285066607	13.431404007405245	9.494318242878344e-05
147.0	85.19724333197475	13.50874353487801	9.429146504284886e-05
148.0	86.5360572619807	13.538287058820185	9.156865761424893e-05
149.0	88.54359332547315	13.603597166422938	9.114486481994146e-05
150.0	89.39234243541372	13.61432616570827	9.061648125427211e-05
151.0	91.63084661633079	13.682373495107068	9.115262405789963e-05
152.0	92.49215299139361	13.633956154105483	8.990254125553396e-05
153.0	94.16985801621529	13.65161469864447	8.785205066410174e-05
154.0	96.06847539450777	13.71008702568198	8.74616033076174e-05
155.0	96.20213582450017	13.715485244619524	8.926571773946478e-05
156.0	92.3560387654173	13.58823056373125	9.166274695429e-05
157.0	92.3765382063236	13.563678584257687	8.786338658876451e-05
158.0	94.673444625232	13.636814880440193	8.752723281544917e-05
159.0	97.86171187191205	13.729735492413699	8.772750344399723e-05
160.0	97.83553682302747	13.703537150239114	8.414685913687437e-05
161.0	97.25239512103452	13.648548888222031	8.619754307482306e-05
162.0	98.79637704076943	13.694697527432618	8.57635894684524e-05
163.0	100.29790974664063	13.728207200036131	8.552940381773396e-05
164.0	102.54921756765006	13.784064662761915	8.52593543939201e-05
165.0	104.07435417803696	13.824691111291017	8.546105988146723e-05
166.0	103.7789604756597	13.790497494281116	8.210305663388322e-05
167.0	105.20665512189669	13.827423363023025	8.152656991626131e-05
168.0	105.2073767545097	13.80195460396337	7.835398780420904e-05
169.0	104.49609509510118	13.755546645009105	7.524334358060593e-05
170.0	105.58077057670636	13.78842009780788	7.557534961011486e-05
171.0	107.90523533108153	13.853547375561002	7.54179165386574e-05
172.0	109.44306276823066	13.88501155180257	7.48678678216994e-05
173.0	111.55072750328337	13.94194755974922	7.451960797521238e-05
174.0	114.61486333690783	14.016319550359494	7.474829003432624e-05
175.0	114.36805004802302	13.985895517105812	7.208987866738593e-05
176.0	113.86332839328489	13.946709006264726	6.933082050231253e-05
177.0	113.1211811894612	13.89976042261755	6.663317957180557e-05
178.0	115.45105053610052	13.95970940807846	6.624486222666523e-05
179.0	117.1019116654534	14.004502903118272	7.104982782654076e-05
180.0	116.3726454801998	13.958686310877784	6.843435385528794e-05
181.0	115.4670185043964	13.907089692956163	6.57651285937072e-05
182.0	117.07206938454868	13.906683673983094	6.871097365127434e-05
183.0	116.08522668486353	13.852471852573316	6.601185545461463e-05
184.0	115.00562400291574	13.795200957803331	6.337565426136813e-05
185.0	116.83991235425316	13.833794784230438	6.298360574464379e-05
186.0	119.81227342604006	13.912102874400558	6.301824869363408e-05
187.0	122.45903127712916	13.981933252841996	6.340197411471105e-05
188.0	125.6783387681563	14.064711349257244	6.356690979416299e-05
189.0	128.13901960352467	14.114977570695428	6.369629382434938e-05
190.0	130.50338472368844	14.169656037853656	6.342071401292592e-05
191.0	135.93509694294048	14.314342336475645	6.600962175022358e-05
192.0	139.0772624246345	14.37831008420517	6.860672679676797e-05
193.0	139.76500095233766	14.383454557440288	6.872986032971503e-05
194.0	141.6293927281647	14.419141770325641	6.814395065792615e-05
195.0	143.3728390876791	14.449678164495715	6.739396649760002e-05
196.0	146.57007392584077	14.521699735106552	6.758822105146843e-05
197.0	148.93989371340405	14.565930313607096	6.711821287169162e-05
198.0	151.7609790605775	14.607803711129728	6.69959475462972e-05
199.0	154.90867130134876	14.673109958192276	6.688735488206805e-05
200.0	154.4608411589956	14.640847540496287	6.506587938592968e-05
201.0	152.22440803773702	14.594367783467378	6.581356121380774e-05
202.0	124.23267616336045	13.788428258407366	7.155288199516748e-05
203.0	123.10783510731696	13.734210409699386	6.918979962131171e-05
204.0	122.07387329276376	13.683580083764571	6.708019217867465e-05
205.0	123.34456837344412	13.707376383016934	6.751610160135498e-05
206.0	119.4096623575667	13.595136139889767	6.725295357918556e-05
207.0	118.27249310120825	13.540019561729357	6.502524697337397e-05
208.0	120.00904792041435	13.53549044574321	6.466085941329584e-05
209.0	118.68912164116536	13.475012503752346	6.241243045656709e-05
210.0	117.28523994851876	13.411603285300352	6.019073143423187e-05
211.0	115.78787037146853	13.344972198446658	5.7998881964528254e-05
212.0	114.24989036986088	13.276686410581881	5.585540931967076e-05
213.0	116.27993760374534	13.32696579578769	5.5723546463114324e-05
214.0	118.1001804041014	13.366419237789112	5.597744757295326e-05
215.0	116.51832613550758	13.297808704800728	5.3933267348659046e-05
216.0	118.91114798068816	13.36044010405924	5.454308240722784e-05
217.0	119.94436720708926	13.376767850000437	5.3955064693789145e-05
218.0	116.84428639249111	13.276658033770953	5.3596887304102954e-05
219.0	115.9843239836043	13.233831721672368	5.246742857504195e-05
220.0	119.4450955134234	13.269811195787511	5.227419854965387e-05
221.0	89.56554232033263	12.650227076212133	4.761219471399945e-05
222.0	89.37760230219695	12.647255360983351	4.826062112642122e-05
223.0	84.87569616035202	12.444365250886959	4.559920167084588e-05
224.0	87.40340296842969	12.519382499213584	4.642395027075382e-05
225.0	89.96655565454532	12.601159297231419	4.668477294068903e-05
226.0	91.73783812965937	12.659682726344466	4.747116272336869e-05
227.0	93.61892332140194	12.720722479363827	4.7754558083270024e-05
228.0	92.80100978408414	12.673147202660791	4.6222221131009864e-05
229.0	88.6672605418622	12.500274288367562	4.626452965327846e-05
230.0	87.92121784807289	12.454769257055755	4.482592639333396e-05
231.0	88.79594220698895	12.47995446601743	4.468900758852147e-05
232.0	90.78929631157963	12.541222315460065	4.5289694086466985e-05
233.0	93.74693409225115	12.638662653569728	4.7754129202201296e-05
234.0	95.10776482442388	12.677346293021056	4.762811234213585e-05
235.0	96.70037208993591	12.734080257149689	5.4070992820304697e-05
236.0	91.23804163770698	12.496306620566038	5.361008501651801e-05
237.0	92.67432394110457	12.533995653428342	5.428723261417155e-05
238.0	92.21638787724272	12.496625627024432	5.45030766466145e-05
239.0	93.91639739032755	12.55077424096348	5.481725884138257e-05
240.0	95.08653957154849	12.586534410232943	5.514174702728522e-05
241.0	104.77343975966298	12.930656469364884	6.393204373969403e-05
242.0	106.44827645399563	12.976842446888599	6.39793686023249e-05
243.0	108.09078440953962	13.016789300097923	6.392197010927556e-05
244.0	105.66716012296219	12.924394347420817	6.382297790559325e-05
245.0	107.97044312160719	12.984387681444385	6.386506293109908e-05
246.0	107.29300639580192	12.946022473654642	6.237277964230229e-05
247.0	108.59533842685069	12.975910313195827	6.257220425637941e-05
248.0	109.82009398809603	13.009480113379086	6.27251695050066e-05
249.0	114.80336356137747	13.162201843022224	7.147278932663962e-05
250.0	116.34889709350279	13.179209164749295	7.15957922774736e-05
251.0	118.37123083675074	13.23053570734547	7.195173717979696e-05
252.0	118.86685571023425	13.235367504994251	7.161879574614369e-05
253.0	120.43807900852987	13.274097049198716	7.183447241174784e-05
254.0	120.1774815343615	13.251539654588623	7.061227483578813e-05
255.0	122.98755218534717	13.319607881832326	7.093160385395592e-05
256.0	122.922427251616	13.303635481180942	6.99964683093419e-05
257.0	125.42445570697815	13.367231081482988	7.046524285777048e-05
258.0	126.47639971567516	13.384453162064235	7.002237283347846e-05
259.0	127.95427881167167	13.394869315224812	7.357691624620013e-05
260.0	127.0829011966992	13.35387996888684	7.204224767906748e-05
261.0	129.34263842083618	13.409667079175765	7.240416129375811e-05
262.0	128.4302485711291	13.36791681211144	7.090014992809899e-05
263.0	129.99458629476794	13.40132008327955	7.097097246081498e-05
264.0	131.0434443592894	13.417766242599585	7.06770215751054e-05
265.0	134.4633457364879	13.521670567577498	7.338269166670466e-05
266.0	134.4630803709446	13.536863835884164	7.493542484117931e-05
267.0	135.8378313475996	13.547187310991248	7.3648861761687e-05
268.0	137.11784362300492	13.56782070416026	7.327689606514565e-05
269.0	136.28744996340365	13.530695602246597	7.1981974483213e-05
270.0	136.43239911074573	13.521683410597918	7.145126621485629e-05
271.0	142.37427225979255	13.665988439497125	7.363937203471517e-05
272.0	141.49776455338426	13.628393883719912	7.235978043439451e-05
273.0	140.597532621085	13.590185505348284	7.109644828400976e-05
274.0	139.69921026591263	13.551868119836115	6.985416030156217e-05
275.0	139.4394781953007	13.531666814483152	6.898432258407175e-05
276.0	139.26931712633393	13.521734360428237	6.91812503454885e-05
277.0	138.2486948818535	13.480335512662554	6.792368279463232e-05
278.0	139.8602950042891	13.51152446773868	6.826554954453856e-05
279.0	145.71467578562027	13.622959709483585	6.834945505589313e-05
280.0	144.60947830924755	13.580556833537855	6.711695531275928e-05
281.0	146.10179394578893	13.605699956966914	6.692728398747747e-05
282.0	144.9885947528579	13.56320763506607	6.57210570542444e-05
283.0	147.24758087615453	13.60869035461728	6.650596900072409e-05
284.0	147.60696496865333	13.605039899700563	6.585729855477734e-05
285.0	146.47932264336174	13.562625725278357	6.469033213268075e-05
286.0	145.33597911415583	13.519699157234017	6.353864102590399e-05
287.0	144.18585766872633	13.476483169921542	6.240540653144571e-05
288.0	146.43143770079573	13.524101270873143	6.288448702914664e-05
289.0	145.23802527383876	13.480302901051218	6.17750979695523e-05
290.0	141.67705327651134	13.373698110363748	6.161344496770711e-05
291.0	140.48460316152983	13.329475314066848	6.0512065919905784e-05
292.0	142.81063992450206	13.383648010723022	6.089187700665022e-05
293.0	145.90876161528496	13.433987762056086	6.123820535173632e-05
294.0	148.22192600461915	13.481968475120361	6.133634822410105e-05
295.0	147.00770926907347	13.43836224176105	6.025407864059315e-05
296.0	148.19761901052783	13.455923329431112	6.047534477521123e-05
297.0	146.9534922509049	13.411610088862435	5.940373893695068e-05
298.0	148.31413605628848	13.433632524001956	5.918086965810769e-05
299.0	151.44180261176479	13.499196932281865	5.9842274463059567e-05
300.0	151.61126993525457	13.488608308475346	6.027131937865356e-05
301.0	152.3546838053017	13.495694173193902	6.1020952555698675e-05
