Iteration	Y	var_1	var_2	var_3	var_4	var_5	var_6	var_7	var_8
1.0	-0.18666990063852903	-2.3629553203067104	2.2700111043207345	0.9108946055027634	-0.022506089930723228	2.393125795080615	2.1458956876311097	2.5711376473778547	-2.93773505563737
2.0	-0.7705671086856845	0.011174511178165147	1.2582728593190664	0.7828480985676869	-2.048606208736283	-1.2763493979018157	-1.4975773593121144	1.64212518066725	-2.935898436121179
3.0	-0.34032125180599726	-1.6379200321893048	-2.9366964402085127	-0.05945515556593195	0.7563128455863719	-0.09918221593360776	-0.619888035028862	-0.8264860085253618	-2.38150853970565
4.0	-0.5091604395977475	-2.815446375695893	0.5735824457333383	1.3617538850806863	0.5682441133328147	-0.7922855176381844	-1.1557759442176672	-0.6548783093438821	0.8531861946668036
5.0	-0.12892007864615312	-1.6626027974533837	0.4622789410278303	-2.1368327285956648	0.4977308512725287	-2.030892802821906	-0.07312077966240427	-0.37102848363399143	0.672108081083362
6.0	-0.8261159831787059	0.4235786663941741	1.4940114054542617	0.5254230223034542	-1.4680875158721827	-2.7048093482987374	-2.3645884865541693	2.6896892638027046	-2.9364988584006007
7.0	-0.5352537547726056	0.6316680261207422	1.5627457315341633	1.4275908222800051	-2.472838323229618	-2.233971484857585	-2.693675391059169	2.291314378576843	-3.0
8.0	-0.8711490982898616	0.16979142346440868	1.3687287686693086	0.28707911548875503	-1.3418145148762648	-2.2520737094892787	-1.8487674457917953	2.397176934436721	-2.948535025388353
9.0	-0.8681586299990175	0.4405804297925966	1.5484461427897123	-0.4332971093718027	-0.6442985904047042	-2.8891399213685665	-1.760619660330717	3.0	-3.0
10.0	-0.8563980517006161	-0.9726090523700504	1.0811356838571744	0.06460031916937027	-0.7892474667359479	-2.8893845849592816	-2.2187229907818917	3.0	-3.0
11.0	-0.8623553094729591	0.16838163626858538	0.9048470390097927	-0.8610827078467644	-0.9166442566831305	-1.718890526399313	-2.862430949386856	3.0	-3.0
12.0	-0.8553834744126381	0.10561833511900826	0.29785290311829066	-0.9314010784833772	-2.0639874628614496	-2.823762602144944	-1.609401707301136	3.0	-3.0
13.0	-0.8716913293486533	0.7319840074532865	-0.19176482088717045	0.28687004115939346	-0.3787972670136508	-2.6402748564871374	-1.9789348152697213	3.0	-3.0
14.0	-0.8815540444564124	3.0	-0.9334672844218482	-2.2418555501450945	-0.681886877897403	-3.0	-3.0	3.0	-3.0
15.0	-0.5391476257082298	3.0	-3.0	-3.0	-3.0	-3.0	-3.0	3.0	-3.0
16.0	-0.8492160558480044	3.0	0.25447252788578417	-1.3496665809340962	0.8362483777793605	-3.0	-3.0	3.0	-3.0
17.0	-0.8674411659890048	3.0	1.312455184963709	-3.0	-1.0520770697405808	-3.0	-3.0	3.0	-3.0
18.0	-0.7895253760077289	3.0	-3.0	3.0	3.0	-3.0	-3.0	3.0	-3.0
19.0	-0.894092898865478	3.0	0.06828434463431768	-3.0	-0.07246704388447996	-0.6880045366389047	-3.0	3.0	-3.0
20.0	-0.9045749628356817	3.0	0.26900291567576445	-1.6129062965208218	-0.9018825538706358	-1.5385143211803296	-1.4925881244042318	3.0	-3.0
21.0	-0.780522269907879	3.0	3.0	-3.0	-1.5072485634559225	1.7592260937973214	-3.0	3.0	-3.0
22.0	-1.0191034353182424	3.0	-3.0	3.0	3.0	-3.0	-3.0	3.0	3.0
23.0	-1.7779294174245208	3.0	-3.0	3.0	3.0	-0.3008456397312582	-3.0	3.0	3.0
24.0	-1.9762560783385426	3.0	-3.0	3.0	3.0	1.350200171877145	-3.0	3.0	3.0
25.0	-2.218758712914638	3.0	-1.4056048019775769	3.0	3.0	1.9391199694196122	-3.0	3.0	3.0
26.0	-2.2396866236798836	3.0	0.1672256042090473	3.0	3.0	2.7635147554747745	-3.0	3.0	3.0
27.0	-2.48649674031668	3.0	-0.3974907530603774	3.0	3.0	2.384975378687965	-3.0	1.4512071521302556	3.0
28.0	-2.537115423422097	3.0	-0.3589982649107382	3.0	3.0	3.0	-3.0	-0.35436039801672836	3.0
29.0	-2.6003847792056543	3.0	0.6252754521404318	3.0	3.0	1.9093699720604569	-3.0	-0.33035195358168745	3.0
30.0	-2.6542931171501047	3.0	0.5124171475785892	3.0	3.0	2.167050318713584	-1.1999070635761762	-0.3349439077884891	3.0
31.0	-2.735190336327497	3.0	2.6770064883767133	3.0	3.0	3.0	-1.0930123629413317	-2.0822732919367817	3.0
32.0	-2.7792161115156087	3.0	2.857981728353291	3.0	3.0	3.0	1.5221355183399972	-3.0	3.0
33.0	-2.748291180678742	3.0	1.5414075246753647	3.0	3.0	3.0	0.29924646124314525	-3.0	3.0
34.0	-2.812074405659058	3.0	3.0	3.0	3.0	1.4746447886235545	0.4026307513108067	-3.0	3.0
35.0	-2.8129087203827217	3.0	3.0	3.0	0.8551215155986612	2.3841819432345073	0.6990733880685053	-3.0	3.0
36.0	-2.8031980255264646	3.0	3.0	3.0	2.044639329551289	2.2691130431665023	0.4364561537496375	-3.0	3.0
37.0	-2.816617704980584	3.0	3.0	3.0	0.8936550863152164	1.3787496085792506	3.0	-3.0	3.0
38.0	-2.7269329811900116	3.0	3.0	3.0	-1.6861580214606666	3.0	3.0	-3.0	3.0
39.0	-2.789339431623727	3.0	3.0	3.0	0.7154032265895675	3.0	3.0	-3.0	3.0
40.0	-2.7770814398216683	3.0	0.7584006532970045	3.0	-0.06812938181428843	2.0856039574533756	3.0	-3.0	3.0
41.0	-2.795114941467913	3.0	2.3018599051495765	3.0	0.980713493537951	1.8401608150239437	1.9285851512225785	-3.0	3.0
42.0	-2.8230840234085113	3.0	3.0	3.0	3.0	0.8923398057289734	3.0	-3.0	3.0
43.0	-2.6019482844809256	3.0	-3.0	3.0	3.0	3.0	3.0	-3.0	3.0
44.0	-1.33467990345625	3.0	-3.0	3.0	-3.0	3.0	3.0	-3.0	3.0
45.0	-2.7934811448055936	3.0	0.2561195345067352	3.0	3.0	1.519733674005471	3.0	-3.0	3.0
46.0	-2.786645295473977	3.0	3.0	3.0	3.0	1.6061240784514863	3.0	-3.0	-0.35506919364570005
47.0	-2.802270593649905	3.0	3.0	3.0	3.0	-0.9047305374442964	3.0	-3.0	0.7756012429726821
48.0	-2.798776982102494	3.0	3.0	3.0	3.0	1.6409063756265072	0.11596767445502841	-3.0	0.811987657817056
49.0	-2.786502881341338	3.0	0.10538757558702327	3.0	3.0	3.0	3.0	-3.0	0.8523469170379041
50.0	-2.750690792332958	3.0	-0.050536675877772656	3.0	3.0	3.0	3.0	-1.1838219183834586	3.0
51.0	-2.8049849020280804	3.0	3.0	3.0	3.0	0.8391753135761246	3.0	-3.0	1.380199152725236
52.0	-2.78570166022646	3.0	3.0	3.0	3.0	-2.5546514914593175	3.0	-3.0	3.0
53.0	-2.824232201075459	3.0	3.0	3.0	-0.23244336895124584	-1.519920286890119	3.0	-3.0	3.0
54.0	-2.7361153218421603	3.0	3.0	3.0	3.0	3.0	-3.0	-3.0	-3.0
55.0	-2.7665290291768994	3.0	3.0	3.0	3.0	3.0	0.49287667784943623	-3.0	-3.0
56.0	-2.798967969848549	3.0	3.0	3.0	-0.07296121023351551	3.0	3.0	-3.0	-0.9454660799472845
57.0	-2.731060026831702	3.0	3.0	3.0	3.0	3.0	-3.0	-3.0	0.4507126366560375
58.0	-2.816004529366777	3.0	3.0	3.0	1.430343721606667	-0.9129850738131041	3.0	-3.0	3.0
59.0	-2.7978660685529655	3.0	3.0	3.0	-0.4502829611390756	0.08958947992118961	3.0	-3.0	0.4366308010511043
60.0	-2.7887163702170223	3.0	3.0	3.0	3.0	-3.0	3.0	-3.0	-3.0
61.0	-2.6876776791626873	3.0	3.0	-0.4559611917942098	0.21577208745094648	3.0	3.0	-3.0	-3.0
62.0	-2.7781453214045344	3.0	3.0	3.0	3.0	-0.3900083519121897	-0.6746185989812936	-3.0	-3.0
63.0	-2.7755845974951705	3.0	3.0	3.0	1.1832512257437637	0.28283814737118224	3.0	-3.0	-3.0
64.0	-2.272619869320434	3.0	3.0	-0.47074758128608984	-0.637071696662746	3.0	3.0	-3.0	3.0
65.0	-2.7784197523465126	3.0	0.14229047504529405	3.0	3.0	3.0	3.0	-3.0	-3.0
66.0	-2.6963849079675826	3.0	3.0	3.0	3.0	-0.4779756995658488	-3.0	-3.0	3.0
67.0	-2.2420795411392285	3.0	3.0	-0.9486318265480651	3.0	3.0	-3.0	-3.0	-3.0
68.0	-0.8580053713209437	3.0	3.0	-3.0	-3.0	-3.0	3.0	-3.0	-3.0
69.0	-2.7755845974951705	3.0	1.202365341208077	3.0	3.0	-0.3645389848330512	3.0	-3.0	-3.0
70.0	-2.7757538780783704	3.0	3.0	3.0	3.0	3.0	3.0	-3.0	-3.0
71.0	-2.7762978604706663	3.0	1.8660603151109136	1.759996166670776	1.2975118391116582	3.0	3.0	-3.0	-3.0
72.0	-2.8140469427455077	3.0	3.0	3.0	-0.0013581650958048876	0.3700925795710881	-0.1117471552018033	-3.0	3.0
73.0	-2.7706245805593173	3.0	0.5131644879388082	3.0	3.0	2.2900245153956793	-1.435864811516131	-3.0	-3.0
74.0	-2.7618689726995975	3.0	3.0	3.0	0.5739342142734318	1.9582525734112628	-0.31900328826352586	-3.0	0.327675224395801
75.0	-2.2304871448060344	2.6763238399937315	2.83860721975485	-0.46350501105338343	2.8082490840764813	0.4015791714966673	-2.773638304067228	-2.676783134470624	1.775204289655252
76.0	-2.7651584122488186	3.0	3.0	3.0	0.7990943294902827	1.9248659594023543	-1.6528078554000651	-3.0	3.0
77.0	-2.7708681093167224	3.0	3.0	3.0	0.01203534904061796	3.0	3.0	-3.0	-3.0
78.0	-2.7748450250338474	3.0	3.0	3.0	3.0	1.1015916683396532	-1.7053065658667932	-3.0	-1.2415394694330457
79.0	-2.8164812737093303	3.0	3.0	3.0	-0.5791112452826819	0.078266121336492	3.0	-1.423955779312303	3.0
80.0	-2.6924951522681386	3.0	-0.4638167276124955	-0.23206636575807205	3.0	3.0	3.0	-3.0	-3.0
81.0	-2.801526853131093	3.0	3.0	3.0	-0.7063163509123787	0.15469895900906597	3.0	-3.0	3.0
82.0	-0.2878581116894168	2.80563075159187	-2.159324134765462	-2.7822776689894595	2.5704411534159592	0.4622089783607453	-2.908109789743878	-2.0700575959515812	2.56694152085397
83.0	-2.8237907493716294	3.0	3.0	3.0	0.3266273476332835	-2.7407833868036513	3.0	-1.199832110639834	3.0
84.0	-2.7764780834155247	3.0	3.0	3.0	3.0	-0.5569155096669524	3.0	-3.0	-3.0
85.0	-2.8227777891393013	3.0	3.0	3.0	1.001616636931957	-3.0	3.0	-3.0	0.7254211322217339
86.0	-2.816887313624536	3.0	3.0	3.0	0.4326349983563739	-1.3413679738292745	1.4239052111177946	-1.8365911252288767	3.0
87.0	-0.5971112306623869	-1.6638706199648416	2.944449472072233	2.416803381667769	-1.4748276273841323	-2.551491310525311	2.966192468981406	-2.61147968948713	0.35482242925936963
88.0	-2.8103214771868985	3.0	3.0	3.0	0.3105371775155762	-3.0	3.0	-2.4990405617216065	3.0
89.0	-2.8161283378599586	3.0	3.0	3.0	0.2650177260678802	-1.4373568721100025	3.0	-1.6331580743462348	3.0
90.0	-2.704449235542631	3.0	3.0	3.0	-1.7723327695813327	-3.0	3.0	1.3889881112944575	3.0
91.0	-2.788852788329675	3.0	3.0	3.0	3.0	-3.0	0.7551552766691209	-3.0	-0.6573715016831652
92.0	-2.7003611392786704	3.0	3.0	-0.09550391468257234	3.0	3.0	3.0	-3.0	-3.0
93.0	-2.7454472494745867	3.0	3.0	3.0	0.23649484683907157	-0.8951415189326271	3.0	1.195071440263278	3.0
94.0	-2.7951994744244426	3.0	1.04819642265914	3.0	-0.12367925051091667	-0.149527388396725	3.0	-0.050788861626571855	3.0
95.0	-2.766416615402102	3.0	1.3711368494862282	3.0	0.13812116053727547	1.7717140703027097	3.0	-0.9355805308049384	3.0
96.0	-2.8216086773059073	3.0	3.0	3.0	-0.776423057727313	-1.8763724416610756	3.0	-0.6300126769510853	3.0
97.0	-2.6419863951112874	2.9749134101361068	2.6899496369333233	0.707918507670783	-0.29042625049400983	1.9998311218858815	1.3037732162696194	1.6684851374623508	2.1848097046561996
98.0	-2.76645818789678	3.0	3.0	1.8741682569337241	-0.6560491119831009	0.5705191946950965	0.19453294365057258	0.47501272771246367	3.0
99.0	-1.5658975818802572	3.0	3.0	-0.11092868613823331	-2.3886066905040484	3.0	3.0	3.0	3.0
100.0	-2.707041981255915	3.0	3.0	1.3236349356776071	1.1452660401760963	1.3399078224564098	0.641221690874502	0.24366585797973475	3.0
101.0	-2.796720934183643	3.0	3.0	3.0	-0.4349982323498407	0.41587553910799196	1.26229322666135	-0.6843102841307034	2.5795684769226708
102.0	-2.7552694403772087	3.0	-3.0	3.0	3.0	3.0	3.0	-3.0	-3.0
103.0	-2.8125615562184265	3.0	3.0	3.0	0.8473227838303022	-1.5766638269022963	1.3634800496507982	-3.0	1.636369293724018
104.0	-2.772061470298647	3.0	3.0	1.5497679435301408	0.7645077045720771	3.0	3.0	-3.0	-1.3213289891014053
105.0	-2.7745390922747193	3.0	-3.0	3.0	3.0	-3.0	3.0	-3.0	-3.0
106.0	-2.776515180004309	3.0	-2.5086598914838736	3.0	3.0	-0.1477357291313109	3.0	-3.0	-3.0
107.0	-2.7689295639272467	3.0	-0.5173373146621927	3.0	3.0	-3.0	3.0	-3.0	-3.0
108.0	-2.7076201016359365	3.0	-1.9013131635761018	3.0	3.0	1.067048447833133	3.0	-0.04561229930477965	1.3702186041660311
109.0	-2.8109743947593113	3.0	0.38268619882512184	3.0	1.191515833667808	-1.4587221969845725	3.0	-3.0	0.5754608642757856
110.0	-2.8102991119391203	3.0	1.1553710002612536	3.0	0.7665043524651912	0.8253419662832004	3.0	-3.0	1.0426242665863334
111.0	-2.7831692568906483	3.0	1.7728619254184694	3.0	-0.28949650320895487	-2.8914653581840852	3.0	-0.5576942716880244	3.0
112.0	-2.798336305925685	3.0	-1.3724893205291986	3.0	3.0	-0.9292624163126142	3.0	-3.0	-0.23504905452942917
113.0	-2.8012963961142034	3.0	3.0	3.0	-0.6187792612302628	-2.352195620775307	1.810048843700751	-0.6348195779268091	3.0
114.0	-2.7897140363258606	3.0	3.0	3.0	3.0	-3.0	3.0	-3.0	-0.6074347504963232
115.0	-2.8147188486657546	3.0	3.0	3.0	-0.28141974076104964	-2.836629822662937	3.0	-1.085829310845912	1.9627404385259526
116.0	-2.753001178104017	3.0	3.0	1.8148051955217603	0.5425013840685615	3.0	3.0	-0.6395524066370922	-0.24513978012824356
117.0	-2.797374947789449	3.0	1.4062353078736494	3.0	0.3339049528730495	-0.15160451318412632	3.0	-0.8351971506113218	1.5786339925632757
118.0	-2.7357833356707304	3.0	3.0	1.3507523745117742	-0.027612902377444362	3.0	0.28167021181143903	-0.8407893094357141	1.4484034762653129
119.0	-2.7756685877869924	3.0	3.0	3.0	1.033127346465712	-3.0	3.0	-3.0	-1.472445299258281
120.0	-2.8057274777569687	3.0	-0.38307147652963947	3.0	1.4120349134157393	0.37983517368798425	3.0	-2.0491652175333614	2.092772413416148
121.0	-2.816526610902634	3.0	1.0811035905680977	3.0	0.8075705528350358	-0.6758366651422819	3.0	-3.0	2.436496123532259
122.0	-2.7991511658318253	3.0	-1.4990343146449685	3.0	3.0	1.3967297612751741	3.0	-3.0	-0.22987574913042896
123.0	-2.7072015107003624	3.0	-0.6189600730460292	1.6052681595504028	3.0	3.0	3.0	-0.5976162288145753	-1.0821094076233095
124.0	-2.804186300916188	3.0	3.0	3.0	1.4924216605982101	-0.3370367349883536	0.26012445636545656	-3.0	3.0
125.0	-2.7683701672167196	3.0	3.0	3.0	3.0	-3.0	-3.0	-3.0	-3.0
126.0	-2.679052321923947	3.0	-3.0	3.0	3.0	3.0	-3.0	-3.0	-3.0
127.0	-2.767167437401857	3.0	-1.8882283263426403	3.0	3.0	3.0	0.24725793915227876	-3.0	-3.0
128.0	-2.773945034163794	3.0	3.0	1.7548836280561246	-0.5027416903293106	0.16010741014688923	1.949628125748875	-0.27741004442570616	2.1982136714274807
129.0	-2.5928381135514527	3.0	3.0	3.0	-0.8314902020634906	-3.0	-3.0	-3.0	3.0
130.0	-2.739872348441089	3.0	0.8653148027952016	1.4009064697565572	1.0694278950120635	2.279700252499385	3.0	-0.07343067131577755	1.0088452622273103
131.0	-2.7042052329606836	2.8253497484559706	2.7867899040682946	1.7053465779310326	-0.024219840278242512	-0.7674275633954186	-0.13234747049542556	0.8492350165585099	2.800477866030583
132.0	-2.77710483462479	3.0	-0.9830166238103055	3.0	1.2623007513582352	3.0	3.0	-3.0	-3.0
133.0	-2.4217700314454444	3.0	3.0	-0.3569230001383203	3.0	3.0	3.0	0.2555392843455827	-0.034804667142538125
134.0	-2.751475362626548	3.0	-1.2582085380194534	3.0	3.0	-1.4245084507864993	-3.0	-3.0	-3.0
135.0	-2.780404940167888	3.0	-1.4597403555253934	3.0	3.0	-1.4705977955191911	0.0993068239104882	-3.0	-3.0
136.0	-2.762503047725606	3.0	-0.6943133063538599	3.0	1.6581954865772168	3.0	3.0	-1.1442609766254568	0.5145392016245088
137.0	-0.8652303898598278	2.722430942645624	1.1643716471245167	0.5774722238042758	-2.4336809702148647	-1.7767252263473419	-1.6716278689690496	2.5308723684674295	2.993271420267508
138.0	-2.768767814038247	3.0	0.954360858669675	3.0	3.0	-3.0	-1.2155117868143774	-3.0	-3.0
139.0	-2.7888706930729903	3.0	3.0	3.0	1.349480535435288	-3.0	-1.6343301119802582	-3.0	0.6221660962652937
140.0	-2.7782649688724144	3.0	3.0	3.0	3.0	-1.9160003426199377	-3.0	-3.0	-0.6882595666229788
141.0	-2.769280815060033	3.0	-2.6462401705274963	3.0	0.6546118446423506	-3.0	3.0	-3.0	-3.0
142.0	-2.7724043508234333	3.0	-1.0644672013631349	3.0	1.530642994846187	-0.7047703028331004	3.0	-3.0	-1.6213061254020311
143.0	-2.2631363279272123	3.0	-1.693878011840487	3.0	3.0	3.0	3.0	2.363913321002904	3.0
144.0	-2.7722336927633595	3.0	-0.8381822461727438	3.0	3.0	0.4378962194183935	-1.16026478947448	-3.0	-1.1253808188606294
145.0	-2.7561306802491385	3.0	-1.450463418419761	3.0	3.0	0.6149230153058635	-1.4775357566715739	-3.0	-3.0
146.0	-0.8728918123020832	0.6231839639297894	2.649834313888184	2.698330774711856	2.196700574144158	0.42004739309393546	-2.715067600815673	-1.8473608340421601	2.132205137810688
147.0	-2.6777210168974572	3.0	-3.0	3.0	0.6156528157612411	-3.0	-3.0	-3.0	-3.0
148.0	-2.704904368249881	3.0	3.0	1.221136877482541	1.5207628703560752	-3.0	-3.0	-3.0	-0.9184668180966716
149.0	-2.7822916621155658	3.0	3.0	2.346700447223622	0.4327757498237691	-0.7563796380928888	-0.04254943670767186	0.0675149241202907	2.7783967360370796
150.0	-2.7884903987288583	3.0	3.0	3.0	-0.36486924064318366	2.448614918105184	3.0	-3.0	1.3768333115532727
151.0	-2.785096784292959	3.0	3.0	3.0	0.5537750500438	-3.0	0.3331967077529858	-3.0	3.0
152.0	-2.7640201981395527	3.0	-0.48929350647506537	3.0	0.8022972783110721	3.0	-3.0	-3.0	-3.0
153.0	-2.763076031906459	3.0	0.7182336966532279	3.0	0.842571650161145	-3.0	-3.0	-3.0	-3.0
154.0	-2.7554407137349917	3.0	0.07568526623765798	3.0	0.8260162277523483	3.0	-0.07779315875475318	-3.0	-3.0
155.0	-2.7392281418144524	3.0	3.0	3.0	-0.2279705890632648	-3.0	3.0	0.2746726703334421	3.0
156.0	-2.7698789454156074	3.0	3.0	1.951030244057764	0.006323689942779341	0.26919326718342385	0.8294621962340754	1.0263741792273866	2.0458069685915916
157.0	-2.758110809809821	3.0	-0.10649383612502718	3.0	1.2139907122754754	-3.0	0.02857774958821765	-3.0	-0.8557852745623985
158.0	-2.823142792615441	3.0	2.207904504728376	3.0	-0.12073114462983331	-2.1313240532921762	3.0	-2.0402209643607736	2.2173745111182166
159.0	-2.81706963118731	3.0	3.0	3.0	-1.0739012179822252	-3.0	3.0	-3.0	1.355537551214428
160.0	-2.7771879488733493	3.0	0.936825988769909	3.0	3.0	-0.8295690758183131	0.5202771062914744	-3.0	-0.31100563078952
161.0	-2.775946335896756	3.0	0.42808385436229357	3.0	-1.0863976075862765	-3.0	3.0	-3.0	-3.0
162.0	-2.761505567533294	3.0	-0.19044179281729637	3.0	1.3576556127910246	-0.1408778736580482	-3.0	-3.0	-3.0
163.0	-2.73574336859636	3.0	-0.06324524453098666	3.0	3.0	3.0	-3.0	-3.0	-1.6350456666484945
164.0	-2.799808035654146	3.0	3.0	3.0	-1.3363756178951307	-0.8473598034835608	3.0	-0.05589060251698774	2.3622689306969544
165.0	-2.797704213270314	3.0	3.0	2.0582279141577695	3.0	-1.0041091937454483	-0.9987598002632728	-3.0	0.5771956411093353
166.0	-2.805093721068032	3.0	1.0883797227509906	3.0	-0.21101003024160042	-3.0	3.0	-3.0	0.32045226262806953
167.0	-2.732928427717098	3.0	-1.266876458653616	3.0	3.0	-3.0	3.0	-3.0	2.405354467786976
168.0	-2.767353147909031	3.0	3.0	3.0	-3.0	3.0	3.0	-3.0	-3.0
169.0	-2.7726367305747512	3.0	1.0927482078343598	3.0	-1.4741555755112028	1.3196580257020325	3.0	-3.0	-3.0
170.0	-2.7589660263287485	3.0	1.6577170845184712	1.702323567863601	-1.3703400575398181	3.0	3.0	-3.0	-3.0
171.0	-2.7891898843860763	3.0	0.019792214304531652	3.0	3.0	-0.6962653198979853	3.0	-1.7060219633027587	3.0
172.0	-2.8184458666154266	3.0	2.2288432640568505	3.0	-0.23037865363925497	-0.8940600205727913	2.15114791824157	-0.8382181429784262	3.0
173.0	-2.7872498903004774	3.0	3.0	3.0	-0.6039194927517004	-3.0	0.4605030772432877	-3.0	0.6780938937403989
174.0	-2.76157216263028	3.0	3.0	3.0	-1.2430165992613418	3.0	-3.0	-3.0	-3.0
175.0	-2.7508776656547096	3.0	-1.2191403973261088	1.8082557816005005	3.0	3.0	3.0	-3.0	-3.0
176.0	-2.7634621665194294	3.0	3.0	3.0	0.6837571338241828	-1.5059872327589303	-3.0	-3.0	-3.0
177.0	-2.832530360329239	3.0	3.0	3.0	-0.5838145718781085	-2.4349891319463324	3.0	-1.8143111547524529	2.5713514001155375
178.0	-2.6642720105004996	3.0	3.0	0.6258117559283304	-1.7291384193710437	3.0	-3.0	-3.0	-3.0
179.0	-2.7347379018892064	3.0	1.200016181910182	1.204995625128232	0.2814510563883274	3.0	3.0	-1.4321430266149482	-0.953021889877689
180.0	-2.759939442932488	3.0	-3.0	3.0	3.0	-0.991470476845484	0.882402132781572	-3.0	-0.4746644714885627
181.0	-0.4810954338277063	-3.0	-0.5486069620656133	3.0	-0.643219157083482	-3.0	3.0	3.0	3.0
182.0	-2.7801765622530983	3.0	3.0	1.7718809958087214	0.43425732675788137	-0.7867964194337682	-1.8360790392067081	-3.0	1.046481650311874
183.0	-2.735294078169935	3.0	0.6313535599499789	3.0	3.0	3.0	3.0	-0.5853385689182345	0.60354176865311
184.0	-2.7668543472655998	3.0	3.0	2.0561649067475045	-1.4369862207569886	3.0	0.15748683435361657	-3.0	-3.0
185.0	-2.810912363696716	3.0	1.1414627927793852	3.0	0.7794964988648075	-1.1273968217575057	3.0	-1.421511850123179	3.0
186.0	-2.702132523615404	3.0	0.5332463571757566	3.0	-2.939347378239576	3.0	-3.0	-3.0	-3.0
187.0	-2.6640379921498254	2.940594076679525	-1.3855970240824982	1.2607186329960722	-2.17771265379408	-0.24242817741070466	-1.6601927753854777	-2.6126471012327785	-1.5772337801016094
188.0	-2.6814636538345975	3.0	-1.0321523723510284	1.7162036877095528	-1.9005898001229384	-0.5168601266685321	-2.494172472717823	-3.0	-3.0
189.0	-2.7587605250127263	3.0	-0.8031377407465888	3.0	-1.192911846500693	0.15739208920050307	-0.9134572611491777	-3.0	-0.6343538735059981
190.0	-2.6829303503488893	3.0	0.6764545975964369	1.3935421470194331	-1.5646463646264805	3.0	-1.35331915274243	-3.0	-1.3760499786526672
191.0	-2.677125011678561	3.0	-3.0	3.0	-3.0	-3.0	1.1336471471822567	-3.0	-3.0
192.0	-2.764921609558851	3.0	-3.0	3.0	-0.9589500609413244	0.014695393184193568	0.18513623341288613	-3.0	-3.0
193.0	-2.760123798595606	3.0	-1.5140349438231697	3.0	-1.186894118031145	-1.9158623241364092	0.8148004029780164	-3.0	-1.7541828714391094
194.0	-2.594060986241879	3.0	-3.0	3.0	-1.9270661896462131	3.0	-3.0	-3.0	-3.0
195.0	-2.7102792381096315	3.0	-0.6223618355286292	3.0	0.7384054295337572	-1.56132656442426	-3.0	-3.0	-0.46258895189329763
196.0	-2.752595109287202	3.0	3.0	3.0	-3.0	3.0	-0.33706084593747376	-3.0	-0.20345588744594606
197.0	-2.686723214562508	3.0	-1.7352607600792012	1.2788305346121147	-1.7021220175984315	0.9636057448282891	0.6679725538326149	-3.0	-3.0
198.0	-2.702934412552596	3.0	-2.111660098917254	3.0	3.0	3.0	0.296145995079474	-1.1203243786243637	-0.11872307431393318
199.0	-2.7785543840973426	3.0	-2.84667636004615	3.0	0.7967933061144623	-0.6399341470313205	-0.855943680680322	-3.0	-1.974659386342745
200.0	-2.7771640023949016	3.0	3.0	1.9153325732608124	-1.8686161927623153	0.7529039341897135	-0.4753027991204357	-3.0	0.7478762697684386
201.0	-2.773188820558612	3.0	3.0	3.0	-3.0	-3.0	3.0	-3.0	-3.0
202.0	-2.766265125878041	3.0	3.0	3.0	-3.0	-0.661785917696219	3.0	-3.0	-1.0658877649331977
203.0	-2.817553389472716	3.0	0.46244573929701893	3.0	-1.0318808160656472	-0.5108698840639228	3.0	-3.0	0.4744448953807503
204.0	-2.7730944251539613	3.0	3.0	3.0	-1.262965645073811	1.2998378527617287	0.7145167480590634	-3.0	3.0
205.0	-2.765317548947344	3.0	0.48812953313852564	1.67384988128924	-0.7247116293778478	-0.3588905131246308	-0.22273910569476824	-3.0	-0.38896728832772326
206.0	-2.2711543259672125	2.970524108465262	2.943121557777417	-1.8950660252201204	0.6065504161128399	1.9794681208459666	0.9159948851320052	-1.2101286443748116	-0.45956732723816834
207.0	-2.76568337676509	3.0	-3.0	3.0	1.088268895662874	-3.0	0.3503905600469424	-3.0	-3.0
208.0	-2.7659006910437527	3.0	1.3992556486507335	2.0397114403032295	0.13601620798379724	0.02420975377370414	0.47762978823862196	-0.35434293993969534	2.139887471820659
209.0	-2.761061474810925	3.0	-0.8349415842699882	3.0	-3.0	-1.64633271853165	3.0	-3.0	-3.0
210.0	-2.632204226784166	2.8834378230943436	-2.5301056213987927	2.346031812518703	1.3360807247971254	-0.10374161566933982	1.2917747781849354	-2.964457942409017	2.0925368618779565
211.0	-0.21609008240627345	2.6816899529044056	-2.8126903249553155	-2.553450339894885	-2.2531867256946714	-2.2385216315343475	-2.6000159766945767	-2.1114460855519797	-2.9453249216444193
212.0	-2.762117066881898	3.0	-2.069417777318921	3.0	3.0	-0.25666261603736773	3.0	-3.0	2.026445650082533
213.0	-2.7595102496604023	3.0	-0.6419295279756602	2.149454606590954	0.16697196258912908	0.9450906425785124	3.0	-3.0	-0.09526554095946477
214.0	-2.747990508330678	3.0	-0.9070636725157035	3.0	3.0	-0.8614697843876784	0.5295596963116206	-3.0	2.2926829673293594
215.0	-2.8184380708001258	3.0	-0.3036255111592832	3.0	-0.11874822353567249	-1.6802794839760256	3.0	-2.0432200369603284	1.56585399770521
216.0	-2.7998830537000488	3.0	-0.886346939662764	3.0	0.37754285249097264	-1.1735934944590123	1.703841336415247	-3.0	1.3170815666643705
217.0	-2.7705604457895276	3.0	-1.5836430813697173	2.4826949299598886	1.1735535455074306	0.38067928826073255	0.8744254709134881	-1.6568640812149429	0.6743255316202447
218.0	-2.729298258482014	3.0	-2.2331343520678266	3.0	0.1897143977826817	-3.0	3.0	-3.0	0.14140939268364244
219.0	-2.7399315033903195	3.0	-3.0	3.0	0.6437767115119485	3.0	0.0021052909268363743	-3.0	-3.0
220.0	-2.7728006456461776	3.0	3.0	3.0	-3.0	-3.0	3.0	-1.5111131651387468	1.895896016735352
221.0	-2.807589988263737	3.0	0.897865503396289	3.0	-0.5836936951013052	-0.8520639059052235	3.0	-1.9405568227439616	1.893829879645475
222.0	-2.771987187303798	3.0	3.0	2.0899136086949306	-2.3270016101505986	0.5324421649458293	-3.0	-3.0	-1.2891401012246042
223.0	-2.697149013953681	3.0	-1.2682291433865296	1.6465702395706745	3.0	3.0	3.0	-1.9941923873397254	0.7502803673127983
224.0	-2.687624823608041	3.0	-3.0	3.0	-2.1738633349344134	-3.0	3.0	-1.1555542276996509	-3.0
225.0	-2.7686724382104844	3.0	-3.0	3.0	1.118983706016163	0.028664322370526726	3.0	-1.7856530445441612	-0.6630201760443799
226.0	-2.427241415497596	2.8639517769872027	-1.4282114293687107	2.2142850165760954	1.579810784349144	2.9581384319668276	1.2357867950045263	2.8299043250792586	0.18150329365469364
227.0	-2.6832142999703095	3.0	-3.0	3.0	0.6543353388222748	3.0	3.0	-0.045294831739649946	-3.0
228.0	-2.763837338485655	3.0	3.0	1.6763702948589427	-1.1015948844940988	0.7351571486341035	-1.5285563776049398	-3.0	-1.407540652902522
229.0	-2.543135931836964	3.0	-3.0	0.9042325700295256	0.8564367711987722	3.0	3.0	-0.9596301829346147	-3.0
230.0	-2.729761245793798	2.9481819516513688	-1.3916143559697145	0.6626893169900114	2.8597757560440287	1.112996808309548	1.3747608425416677	-1.2165177831807443	-1.8525356913360222
231.0	-2.7626875069618153	3.0	-0.020166572791589864	1.3926921344271936	3.0	1.077338145117917	1.0505418182004578	-3.0	-1.7922949358008753
232.0	-2.772481421068287	3.0	-2.206074261517783	2.1402740172929025	1.546441431377753	1.4311452005092116	1.201404130856368	-1.201142743907452	-1.8699710164321888
233.0	-2.7282609210870645	3.0	3.0	3.0	-0.4379165538501552	3.0	3.0	0.7943671840733586	1.482017956096857
234.0	-2.768721710591356	3.0	-1.6595052870817772	1.671687796258097	3.0	-0.0521596293128199	3.0	-1.699209300821781	-0.9470740097003152
235.0	-2.7997580662910884	3.0	-0.505854580286872	3.0	1.5304299028590107	-2.1292748169417064	3.0	-1.6333498394989243	1.3759296101861054
236.0	-2.673056995614663	3.0	-0.8704621939476345	1.419368405186315	3.0	1.1929248123191794	0.15093536615138284	-0.2845758768753376	0.24570261482039177
237.0	-2.769202400456632	3.0	0.8871558254090645	3.0	-3.0	-3.0	3.0	-3.0	-1.2242371828821055
238.0	-2.763659594169611	3.0	-3.0	3.0	3.0	1.2563013414807556	3.0	-0.9259884331968148	-3.0
239.0	-2.4972293625835342	2.9886544474890084	2.455997946377716	0.060555943900348665	2.4945472832861677	2.6861807584940047	-0.6774971869471497	-0.436682828526685	-2.9596572835740487
240.0	-2.7774202801644514	3.0	-0.4484466891057031	3.0	-0.5912588175782941	-1.0153725214249376	3.0	-1.6249997970970569	-0.16967701486138595
241.0	-2.692659306295357	3.0	-3.0	3.0	3.0	3.0	-0.05216531898802742	-0.5873640276580526	-3.0
242.0	-2.810352441154573	3.0	1.108538834509247	3.0	3.0	-2.607188999002817	3.0	-3.0	1.3959418634022815
243.0	-2.7682043003751016	3.0	-0.6335615414978297	2.4406966518617006	-2.7401825877056205	0.3360360180477224	-0.6853074103951048	-3.0	-2.15307463103749
244.0	-2.8240330429503198	3.0	0.6077030497377333	3.0	1.0513068689297946	-2.539490630473198	3.0	-3.0	1.9880651572837584
245.0	-2.762127748883018	3.0	3.0	3.0	-3.0	-3.0	-3.0	-3.0	-3.0
246.0	-2.771247018014408	3.0	0.7685002269521923	3.0	0.24149528992546027	1.8874765786687981	3.0	0.6281867556422076	0.5739807712420445
247.0	-2.766282975537456	3.0	-1.5250533026359583	2.1357035030998532	-0.8918285810914026	0.43562385937060416	-1.1793776676511618	-3.0	-1.777907139277339
248.0	-2.672311182814495	3.0	-2.4898707352837404	3.0	0.9053029102328141	3.0	-3.0	-1.1175807637573116	-3.0
249.0	-2.726343690174225	2.9419240053629334	-2.6092251917774005	2.332867175506376	2.0644879547267427	-2.5183551726173135	1.308274011955259	-0.8725749869233778	-2.6040917858923174
250.0	-2.779282315041934	3.0	-3.0	3.0	1.8060773700337776	-2.1798666938626545	3.0	-1.3424439489759121	-3.0
251.0	-2.7729970073446637	3.0	-3.0	2.5331911031047265	1.8254237440963157	-1.1616320918283385	1.2329559890934363	-1.656386821521713	-2.030519001823648
252.0	-2.1963183754683846	2.717845326465484	-1.9702529721839421	2.868852120121744	2.2507087056975044	-2.55297442571364	2.922085034330806	2.201320649825063	1.7470852275412516
253.0	-2.7674652571139813	3.0	-1.0318437858894518	3.0	1.8560235629790744	3.0	1.8274059854796536	-1.1411710764567276	-3.0
254.0	-2.6878892823120792	3.0	-3.0	1.7281956480456921	3.0	-3.0	3.0	-1.5329373438907414	-3.0
255.0	-2.76403967572571	3.0	-0.0531101678107707	1.106736227482693	3.0	1.0148530268359088	3.0	-1.905109788633952	-3.0
256.0	-2.7728114523294654	3.0	-2.383315534373625	3.0	3.0	-3.0	1.8805507358430917	-1.9098793300622028	-1.7740548070071742
257.0	-2.7335412031738398	3.0	-0.11023017377541572	1.015083808250808	2.39714335007296	3.0	0.9765678049080136	-1.7548853759661007	-3.0
258.0	-2.7555895636103145	3.0	3.0	3.0	-2.290899646888132	3.0	3.0	-3.0	-0.7710805769856759
259.0	-2.7027258473394418	3.0	-1.7562465539520378	3.0	-2.141752732178438	-1.3935803362800527	-2.159893265394161	-3.0	-1.78538788232295
260.0	-2.726849457008069	3.0	-0.041035191536691745	3.0	1.3103585070500037	-0.433262020216408	1.650772998278241	-0.15861430805789573	3.0
261.0	-2.7772486560740663	3.0	3.0	2.6055201937650323	-1.0614182128836345	-3.0	-3.0	-3.0	-1.4288897818138784
262.0	-2.7578454210989847	3.0	3.0	2.210231705678968	3.0	-3.0	-0.31540252475176406	-3.0	1.7731001432466653
263.0	-2.7615070541114743	3.0	-2.3776634957302645	3.0	-0.19090149210892496	0.634630286399561	3.0	-2.133455076929632	-3.0
264.0	-2.689848830742197	3.0	3.0	2.252622253452863	-2.0868860726422938	3.0	-3.0	-3.0	-0.42710214926676526
265.0	-2.7607411652465847	3.0	-3.0	3.0	0.5142955458626226	-1.3377662866570985	-0.1542934907656115	-1.9061695129826783	-0.31562866459088534
266.0	-2.7634965481881086	3.0	-1.6648837450528509	2.0723154783772313	0.975913836884547	-1.599301767377335	1.530104694234895	-1.6630478960758444	-0.21384764370446652
267.0	-2.7718433839290118	3.0	3.0	3.0	-3.0	-3.0	3.0	-3.0	3.0
268.0	-2.6817027243011347	3.0	-3.0	3.0	1.363458311378788	0.7906577253799207	-3.0	-3.0	-0.8688559724160367
269.0	-2.8265360432203894	3.0	3.0	3.0	-1.0452734920558486	-1.541343197063314	0.6493723255921358	-3.0	2.6523725551183626
270.0	-2.7579365173468653	3.0	-1.9817558071194157	2.2125357045063376	-0.871830402492891	0.2697865872898561	0.16245418831437597	-1.6582776547377487	-1.4000915294879783
271.0	-2.6860976681726623	3.0	-0.009546317173192449	3.0	2.2188917193717113	3.0	3.0	1.1359997421383476	-3.0
272.0	-2.7849177979617763	3.0	3.0	1.5289233821555155	3.0	-1.5443401894175595	1.2527316581762467	-3.0	-3.0
273.0	-2.781095398612791	3.0	3.0	1.6929449502218323	3.0	0.010422680208207058	0.5422177558896204	-3.0	-1.4115087860718447
274.0	-2.5039678163628607	2.8638787372898102	-1.4888449649681381	2.2559559548462595	2.9903227066071114	2.4526900731928447	-2.4999489271122513	0.8470349722279533	-0.43538705300600966
275.0	-2.7630602640287747	3.0	3.0	2.3925053674311183	-3.0	3.0	-1.6159840713563187	-3.0	-3.0
276.0	-2.8321515866486147	3.0	1.7295573544577398	3.0	0.9432971207352292	-3.0	3.0	-2.306008394959587	1.7602203665865919
277.0	-2.778045269688108	3.0	3.0	2.112874454580103	-0.3340928743215864	-1.264155007993229	0.5037015742816823	-1.214446097941838	3.0
278.0	-2.8057274777569687	3.0	-0.6791936701451061	3.0	1.477852118527972	1.584605993148148	3.0	-3.0	1.642140318408972
279.0	-2.803075623450648	3.0	1.1924170673291137	3.0	-1.1948306037604162	-1.92942504551292	1.9135101528458232	-3.0	1.7251494612769565
280.0	-2.757002450020076	3.0	-1.5936271252502774	3.0	3.0	-3.0	-1.0118457289166627	-3.0	-1.4409929735212608
281.0	-2.7574855878002698	3.0	1.2887339228849133	2.0227743483145986	0.589822467307806	3.0	1.3386843527925847	0.45312285397298246	0.16538772197637408
282.0	-2.777353100619901	2.941197603505308	0.8937354778124318	2.6274669403214106	0.5983266132134747	1.1790585388862016	2.4339854952435016	-0.46797839407138847	-0.5764540989351793
283.0	-2.762825999978289	3.0	1.8666450659139697	1.6671424520232099	3.0	-1.6894854008444604	3.0	-3.0	-1.0933251383631355
284.0	-2.04883394697387	2.832426320160707	2.7214505880180964	0.25508334364339	2.2322955226526333	2.198784618030609	-1.4396590793162853	1.6410689772796712	1.4547281431353216
285.0	-2.7677268991403765	3.0	-0.6873726454181263	2.007248212938724	3.0	-0.45132256550775113	1.5038721549278677	-1.3462555443133266	-2.032657778456328
286.0	-2.758230655542473	3.0	-0.8157068880095325	2.4709509088714516	1.2348401694351359	0.9244398812202271	3.0	-0.14444422946937605	-1.1752805532618193
287.0	-2.7754305316713412	3.0	1.1194045089068638	3.0	0.24165265217745097	3.0	3.0	-0.9136534340228487	-3.0
288.0	-2.693495182704758	3.0	0.9385215328079474	1.1298030584188814	-0.7699158663547204	0.8755127985137359	0.039144009313461604	-2.823162542502287	2.176606579770304
289.0	-2.68766520516568	2.837458646264188	-2.5132832957727356	2.9711616087466672	-2.6736100961231486	1.722747525965669	0.32470812336420707	-1.9040474280803228	-2.8460136052361236
290.0	-2.757238403866987	3.0	1.2079239887083464	3.0	0.21470840584175133	1.919894942464501	3.0	-1.5057770500385799	-0.4604138318829666
291.0	-2.80970109084354	3.0	1.732422559215009	3.0	3.0	-0.7284998868302559	3.0	-3.0	3.0
292.0	-2.686556630875011	3.0	-0.9184075703931767	3.0	-2.818725109338512	3.0	1.3307761159266251	-3.0	-3.0
293.0	-2.7657869749528117	3.0	3.0	3.0	-3.0	-3.0	-0.37082369498645157	-3.0	0.2141479172637651
294.0	-2.6905710672523577	3.0	3.0	1.2747815606773536	0.2503879025325682	3.0	3.0	-0.9588990744555405	-3.0
295.0	-2.7493411080636267	2.9290199239471235	1.4804322681536757	2.5958950164521397	-2.05028463030898	0.784826932866785	-1.5260720361450422	-2.158955066751729	2.359042873476099
296.0	-2.7779942721131374	3.0	3.0	2.0035449743077876	3.0	-0.30863258679402783	1.6640534482670106	-3.0	2.485354285020446
297.0	-2.8239987053048514	3.0	2.305293785573736	3.0	1.126999644851401	-2.550188547612948	3.0	-3.0	1.7149536769333122
298.0	-2.8169521077650392	3.0	0.037990462791668726	3.0	-0.024165107706439953	-1.044431745580818	3.0	-3.0	1.5455469962632118
299.0	-2.7867459644234436	3.0	3.0	3.0	-0.7627590171119788	-3.0	-1.0744224078018247	-3.0	-3.0
300.0	-2.782518918509988	3.0	1.739422103027994	3.0	-1.962403196209093	-0.0759108909956408	-1.316434935082128	-3.0	1.8229190742440187
301.0	-2.8180832731902266	3.0	3.0	3.0	3.0	-0.3977217929305318	3.0	-1.9906846023179665	3.0
302.0	-2.8311742255784216	3.0	3.0	3.0	1.3201588551403391	-3.0	3.0	-2.1941441295334525	1.7089052820956163
303.0	-2.7704308606111225	3.0	1.2025697368211394	3.0	-0.8862327617651679	1.8947918693536674	-0.8531992273937733	-1.8681884568181755	2.3023884491458433
304.0	-2.5191943183513072	2.8773635096552757	-2.1000712046733234	2.7287190717042944	-2.942163229434037	-1.0085670687589376	-0.4106461901717845	-2.7185924667620838	2.038141225466519
305.0	-2.706722067670478	3.0	0.3144229164966368	2.1769144344700737	-2.5281263375524823	0.5797993210069119	-1.855057335378535	-3.0	0.5129702268388155
