8.554687e-01 3.906250e-01 8.339962e-01 7.624271e-01
4.371875e-01 4.900000e-01 -1.529462e+00 -5.124920e-01
3.750000e-01 1.040625e+00 -1.517485e+00 -2.641512e-02
4.662500e-01 1.534062e+00 -1.166455e+00 -9.379784e-01
9.081250e-01 1.624687e+00 6.455410e-01 1.000669e+00
1.359375e+00 1.539062e+00 2.342050e-01 -8.351045e-01
1.500312e+00 1.400625e+00 2.932445e-01 4.222364e-01
1.609375e+00 1.107187e+00 -3.735583e-02 -2.465278e-01
1.532500e+00 6.193750e-01 1.462218e-01 5.245317e-01
1.391250e+00 4.637500e-01 4.001291e-01 -7.308872e-01
8.554688e-01 3.906250e-01 8.339962e-01 7.624271e-01


