1
9
2 112
7.500000e-01 3.906250e-01
7.500000e-01 4.062500e-01
6.875000e-01 4.062500e-01
6.875000e-01 4.218750e-01
5.468750e-01 4.218750e-01
5.468750e-01 4.375000e-01
4.687500e-01 4.375000e-01
4.687500e-01 4.531250e-01
4.531250e-01 4.531250e-01
4.531250e-01 4.687500e-01
4.375000e-01 4.687500e-01
4.375000e-01 5.000000e-01
4.218750e-01 5.000000e-01
4.218750e-01 7.656250e-01
4.062500e-01 7.656250e-01
4.062500e-01 8.437500e-01
3.906250e-01 8.437500e-01
3.906250e-01 9.218750e-01
3.750000e-01 9.218750e-01
3.750000e-01 1.109375e+00
3.906250e-01 1.109375e+00
3.906250e-01 1.203125e+00
4.062500e-01 1.203125e+00
4.062500e-01 1.359375e+00
4.218750e-01 1.359375e+00
4.218750e-01 1.500000e+00
4.375000e-01 1.500000e+00
4.375000e-01 1.531250e+00
4.687500e-01 1.531250e+00
4.687500e-01 1.546875e+00
5.468750e-01 1.546875e+00
5.468750e-01 1.562500e+00
5.781250e-01 1.562500e+00
5.781250e-01 1.578125e+00
6.406250e-01 1.578125e+00
6.406250e-01 1.593750e+00
7.656250e-01 1.593750e+00
7.656250e-01 1.609375e+00
8.906250e-01 1.609375e+00
8.906250e-01 1.625000e+00
1.000000e+00 1.625000e+00
1.000000e+00 1.609375e+00
1.046875e+00 1.609375e+00
1.046875e+00 1.593750e+00
1.218750e+00 1.593750e+00
1.218750e+00 1.578125e+00
1.265625e+00 1.578125e+00
1.265625e+00 1.562500e+00
1.328125e+00 1.562500e+00
1.328125e+00 1.546875e+00
1.359375e+00 1.546875e+00
1.359375e+00 1.531250e+00
1.390625e+00 1.531250e+00
1.390625e+00 1.515625e+00
1.421875e+00 1.515625e+00
1.421875e+00 1.500000e+00
1.437500e+00 1.500000e+00
1.437500e+00 1.468750e+00
1.453125e+00 1.468750e+00
1.453125e+00 1.453125e+00
1.468750e+00 1.453125e+00
1.468750e+00 1.437500e+00
1.484375e+00 1.437500e+00
1.484375e+00 1.421875e+00
1.500000e+00 1.421875e+00
1.500000e+00 1.390625e+00
1.515625e+00 1.390625e+00
1.515625e+00 1.375000e+00
1.531250e+00 1.375000e+00
1.531250e+00 1.343750e+00
1.546875e+00 1.343750e+00
1.546875e+00 1.312500e+00
1.562500e+00 1.312500e+00
1.562500e+00 1.265625e+00
1.578125e+00 1.265625e+00
1.578125e+00 1.234375e+00
1.593750e+00 1.234375e+00
1.593750e+00 1.171875e+00
1.609375e+00 1.171875e+00
1.609375e+00 8.125000e-01
1.593750e+00 8.125000e-01
1.593750e+00 7.812500e-01
1.578125e+00 7.812500e-01
1.578125e+00 7.031250e-01
1.562500e+00 7.031250e-01
1.562500e+00 6.406250e-01
1.546875e+00 6.406250e-01
1.546875e+00 6.250000e-01
1.531250e+00 6.250000e-01
1.531250e+00 5.937500e-01
1.515625e+00 5.937500e-01
1.515625e+00 5.625000e-01
1.500000e+00 5.625000e-01
1.500000e+00 5.468750e-01
1.484375e+00 5.468750e-01
1.484375e+00 5.312500e-01
1.468750e+00 5.312500e-01
1.468750e+00 5.156250e-01
1.453125e+00 5.156250e-01
1.453125e+00 4.843750e-01
1.421875e+00 4.843750e-01
1.421875e+00 4.687500e-01
1.390625e+00 4.687500e-01
1.390625e+00 4.531250e-01
1.312500e+00 4.531250e-01
1.312500e+00 4.375000e-01
1.281250e+00 4.375000e-01
1.281250e+00 4.218750e-01
1.218750e+00 4.218750e-01
1.218750e+00 4.062500e-01
1.171875e+00 4.062500e-01
1.171875e+00 3.906250e-01
